$ 65 0.000019999999999999998 38.696464541249114 76 5 43 5e-11
r 64 320 64 256 0 1200
c 240 80 240 144 0 0.000009999999999999999 0.664977154822774 -10
v -16 352 -16 80 0 0 40 1.5 0 0 0.5
r 64 160 64 80 0 68000
162 320 80 320 160 2 default-led 1 0 0 0.01
r 176 80 176 144 0 100000
t 144 224 176 224 0 -1 0.6582693573177072 0.02751498610355907 100 default
w -16 48 64 48 0
w 64 48 176 48 0
w 176 48 240 48 0
w 240 48 320 48 0
w 240 144 240 160 0
r 320 352 320 288 0 15000
t 416 256 448 256 0 1 -1.1680190146159035 0.20426847396307785 100 default
w 176 240 176 256 0
w 176 256 416 256 0
r 448 160 448 96 0 2700
w -16 384 320 384 0
c 416 208 352 208 0 0.000047 0.5209989887763226 -10
w 368 48 448 48 0
w 448 80 448 96 0
w 448 272 448 352 0
w 320 384 448 384 0
w 64 320 256 320 0
w 256 288 256 320 0
w -16 384 -16 352 0
w 320 384 320 352 0
w 448 384 448 352 0
w -16 48 -16 80 0
w 64 80 64 48 0
w 176 80 176 48 0
w 240 80 240 48 0
w 448 80 448 48 0
w 64 160 64 224 0
w 64 224 144 224 0
w 64 256 64 224 0
w 320 208 320 160 0
w 256 288 320 288 0
w 320 288 320 208 0
w 320 208 352 208 0
w 416 208 448 208 0
w 448 208 448 240 0
w 448 208 448 160 0
w 320 80 320 48 0
w 320 48 368 48 0
w 240 160 176 160 0
w 176 144 176 160 0
w 176 160 176 208 0
403 256 -32 384 32 0 4_64_0_4099_2.5_0.00009765625_0_2_4_3
